route_id,agency_id,route_short_name,route_long_name,route_type,route_color
L991D1,1,A,,1,408000
L992D1,1,B,,1,FFFF00
L993D1,1,C,,1,FF0000
L1D1,1,1,,0,
L3D1,1,3,,0,
L4D1,1,4,,0,
L5D1,1,5,,0,
L6D1,1,6,,0,
L7D1,1,7,,0,
L8D1,1,8,,0,
L9D1,1,9,,0,
L10D1,1,10,,0,
L11D1,1,11,,0,
L12D1,1,12,,0,
L14D1,1,14,,0,
L16D1,1,16,,0,
L17D1,1,17,,0,
L18D1,1,18,,0,
L20D1,1,20,,0,
L22D1,1,22,,0,
L24D1,1,24,,0,
L25D1,1,25,,0,
L26D1,1,26,,0,
L37D1,1,37,,0,
L51D1,1,51,,0,
L52D1,1,52,,0,
L53D1,1,53,,0,
L54D1,1,54,,0,
L55D1,1,55,,0,
L56D1,1,56,,0,
L57D1,1,57,,0,
L58D1,1,58,,0,
L59D1,1,59,,0,
L91D1,1,91,,0,
L100D1,1,100,,3,
L101D1,1,101,,3,
L102D1,1,102,,3,
L103D1,1,103,,3,
L105D1,1,105,,3,
L106D1,1,106,,3,
L107D1,1,107,,3,
L108D1,1,108,,3,
L109D1,1,109,,3,
L111D1,1,111,,3,
L112D1,1,112,,3,
L113D1,1,113,,3,
L114D1,1,114,,3,
L116D1,1,116,,3,
L118D1,1,118,,3,
L119D1,1,119,,3,
L120D1,1,120,,3,
L121D1,1,121,,3,
L123D1,1,123,,3,
L124D1,1,124,,3,
L125D1,1,125,,3,
L128D1,1,128,,3,
L129D1,1,129,,3,
L131D1,1,131,,3,
L133D1,1,133,,3,
L135D1,1,135,,3,
L136D1,1,136,,3,
L137D1,1,137,,3,
L138D1,1,138,,3,
L139D1,1,139,,3,
L140D1,1,140,,3,
L142D1,1,142,,3,
L143D1,1,143,,3,
L144D1,1,144,,3,
L147D1,1,147,,3,
L150D1,1,150,,3,
L151D1,1,151,,3,
L152D1,1,152,,3,
L156D1,1,156,,3,
L157D1,1,157,,3,
L158D1,1,158,,3,
L160D1,1,160,,3,
L161D1,1,161,,3,
L162D1,1,162,,3,
L163D1,1,163,,3,
L167D1,1,167,,3,
L168D1,1,168,,3,
L169D1,1,169,,3,
L170D1,1,170,,3,
L172D1,1,172,,3,
L174D1,1,174,,3,
L175D1,1,175,,3,
L176D1,1,176,,3,
L177D1,1,177,,3,
L179D1,1,179,,3,
L180D1,1,180,,3,
L181D1,1,181,,3,
L183D1,1,183,,3,
L184D1,1,184,,3,
L185D1,1,185,,3,
L186D1,1,186,,3,
L188D1,1,188,,3,
L189D1,1,189,,3,
L191D1,1,191,,3,
L192D1,1,192,,3,
L193D1,1,193,,3,
L195D1,1,195,,3,
L196D1,1,196,,3,
L197D1,1,197,,3,
L200D1,1,200,,3,
L201D1,1,201,,3,
L202D1,1,202,,3,
L207D1,1,207,,3,
L213D1,1,213,,3,
L215D1,1,215,,3,
L230D1,1,230,,3,
L231D1,1,231,,3,
L236D1,1,236,,3,
L241D1,1,241,,3,
L244D1,1,244,,3,
L245D1,1,245,,3,
L250D1,1,250,,3,
L253D1,1,253,,3,
L255D1,1,255,,3,
L257D1,1,257,,3,
L261D1,1,261,,3,
L265D1,1,265,,3,
L266D1,1,266,,3,
L267D1,1,267,,3,
L273D1,1,273,,3,
L291D1,1,291,,3,
L301D1,1,301,,3,
L305D1,1,305,,3,
L312D1,1,312,,3,
L329D1,1,329,,3,
L340D1,1,340,,3,
L347D1,1,347,,3,
L351D1,1,351,,3,
L352D1,1,352,,3,
L355D1,1,355,,3,
L359D1,1,359,,3,
L363D1,1,363,,3,
L364D1,1,364,,3,
L366D1,1,366,,3,
L501D1,1,501,,3,
L502D1,1,502,,3,
L503D1,1,503,,3,
L504D1,1,504,,3,
L505D1,1,505,,3,
L506D1,1,506,,3,
L507D1,1,507,,3,
L509D1,1,509,,3,
L510D1,1,510,,3,
L511D1,1,511,,3,
L512D1,1,512,,3,
L513D1,1,513,,3,
L514D1,1,514,,3,
L515D1,1,515,,3,
L551D1,1,551,,3,
L553D1,1,553,,3,
L555D1,1,555,,3,
L556D1,1,556,,3,
L558D1,1,558,,3,
L559D1,1,559,,3,
L560D1,1,560,,3,
L561D1,1,561,,3,
L564D1,1,564,,3,
L565D1,1,565,,3,
L566D1,1,566,,3,
L567D1,1,567,,3,
L569D1,1,569,,3,
L570D1,1,570,,3,
L571D1,1,571,,3,
L575D1,1,575,,3,
L576D1,1,576,,3,
L605D1,1,605,,3,
L753D1,1,X-S5,,3,
L790D1,1,AE,,3,
L799D1,1,H1,,3,
L801D1,1,X1,,3,
L811D1,1,X11,,3,
L824D1,1,X24,,3,
L855D1,1,X55,,3,
L899D1,1,XLD,,3,
L110D6,6,110,,3,
L115D11,11,115,,3,
L165D18,18,165,,3,
L173D18,18,173,,3,
L194D63,63,194,,3,
L205D29,29,205,,3,
L220D18,18,220,,3,
L221D18,18,221,,3,
L223D18,18,223,,3,
L232D11,11,232,,3,
L240D18,18,240,,3,
L251D18,18,251,,3,
L260D29,29,260,,3,
L262D13,13,262,,3,
L263D29,29,263,,3,
L264D21,21,264,,3,
L269D29,29,269,,3,
L293D63,63,293,,3,
L293D11,11,293,,3,
L295D63,63,295,,3,
L296D63,63,296,,3,
L297D18,18,297,,3,
L302D63,63,302,,3,
L303D18,18,303,,3,
L304D18,18,304,,3,
L306D8,8,306,,3,
L307D8,8,307,,3,
L308D18,18,308,,3,
L309D18,18,309,,3,
L310D18,18,310,,3,
L311D18,18,311,,3,
L313D18,18,313,,3,
L314D17,17,314,,3,
L315D18,18,315,,3,
L316D8,8,316,,3,
L317D17,17,317,,3,
L318D17,17,318,,3,
L319D8,8,319,,3,
L320D17,17,320,,3,
L321D17,17,321,,3,
L325D11,11,325,,3,
L326D18,18,326,,3,
L327D18,18,327,,3,
L328D18,18,328,,3,
L331D18,18,331,,3,
L332D18,18,332,,3,
L333D18,18,333,,3,
L334D17,17,334,,3,
L335D18,18,335,,3,
L336D8,8,336,,3,
L337D18,18,337,,3,
L338D21,21,338,,3,
L339D18,18,339,,3,
L341D18,18,341,,3,
L343D18,18,343,,3,
L344D18,18,344,,3,
L346D10,10,346,,3,
L348D18,18,348,,3,
L349D10,10,349,,3,
L350D8,8,350,,3,
L353D18,18,353,,3,
L354D29,29,354,,3,
L356D8,8,356,,3,
L358D18,18,358,,3,
L361D14,14,361,,3,
L362D18,18,362,,3,
L367D10,10,367,,3,
L368D10,10,368,,3,
L369D10,10,369,,3,
L370D10,10,370,,3,
L371D10,10,371,,3,
L372D10,10,372,,3,
L373D10,10,373,,3,
L374D10,10,374,,3,
L375D10,10,375,,3,
L376D10,10,376,,3,
L377D10,10,377,,3,
L378D10,10,378,,3,
L379D10,10,379,,3,
L380D18,18,380,,3,
L381D11,11,381,,3,
L382D11,11,382,,3,
L383D18,18,383,,3,
L384D14,14,384,,3,
L385D18,18,385,,3,
L386D63,63,386,,3,
L387D11,11,387,,3,
L390D21,21,390,,3,
L391D18,18,391,,3,
L397D18,18,397,,3,
L398D13,13,398,,3,
L401D18,18,401,,3,
L402D11,11,402,,3,
L403D18,18,403,,3,
L404D11,11,404,,3,
L405D10,10,405,,3,
L406D10,10,406,,3,
L407D10,10,407,,3,
L409D11,11,409,,3,
L410D11,11,410,,3,
L411D13,13,411,,3,
L412D13,13,412,,3,
L413D10,10,413,,3,
L414D18,18,414,,3,
L415D18,18,415,,3,
L416D18,18,416,,3,
L417D10,10,417,,3,
L418D18,18,418,,3,
L419D10,10,419,,3,
L420D10,10,420,,3,
L421D13,13,421,,3,
L422D13,13,422,,3,
L423D13,13,423,,3,
L425D14,14,425,,3,
L426D11,11,426,,3,
L426D13,13,426,,3,
L427D13,13,427,,3,
L428D18,18,428,,3,
L429D13,13,429,,3,
L430D13,13,430,,3,
L432D13,13,432,,3,
L433D13,13,433,,3,
L435D11,11,435,,3,
L437D14,14,437,,3,
L438D21,21,438,,3,
L439D14,14,439,,3,
L440D21,21,440,,3,
L441D18,18,441,,3,
L442D18,18,442,,3,
L443D13,13,443,,3,
L444D18,18,444,,3,
L445D18,18,445,,3,
L446D17,17,446,,3,
L447D17,17,447,,3,
L448D17,17,448,,3,
L449D17,17,449,,3,
L451D18,18,451,,3,
L456D26,26,456,,3,
L461D18,18,461,,3,
L462D18,18,462,,3,
L463D18,18,463,,3,
L465D18,18,465,,3,
L469D18,18,469,,3,
L470D10,10,470,,3,
L471D10,10,471,,3,
L472D10,10,472,,3,
L473D10,10,473,,3,
L474D10,10,474,,3,
L475D10,10,475,,3,
L476D10,10,476,,3,
L477D10,10,477,,3,
L478D10,10,478,,3,
L479D18,18,479,,3,
L484D18,18,484,,3,
L488D21,21,488,,3,
L488D17,17,488,,3,
L489D18,18,489,,3,
L490D18,18,490,,3,
L491D13,13,491,,3,
L491D11,11,491,,3,
L492D11,11,492,,3,
L494D18,18,494,,3,
L495D18,18,495,,3,
L562D29,29,562,,3,
L601D18,18,601,,3,
L602D18,18,602,,3,
L603D10,10,603,,3,
L604D8,8,604,,3,
L606D18,18,606,,3,
L607D8,8,607,,3,
L608D10,10,608,,3,
L609D11,11,609,,3,
L610D18,18,610,,3,
L691D41,41,P1,,4,
L692D41,41,P2,,4,
L693D42,42,P3,,4,
L695D41,41,P5,,4,
L696D41,41,P6,,4,
L697D43,43,P7,,4,
L1703D18,18,BB2,,3,
L1705D14,14,GLOBUS,,3,
L1716D14,14,IKEA2,,3,
L1723D18,18,BB1,,3,
L2091D29,29,X-S1,,3,
L2210D29,29,X261,,3,
